	0
090010	
090020	0.02009671904424895
090030	0.020944983921373526
090040	0.02154120795477688
090050	0.0223496501250351
090100	0.022965882153973185
090110	0.02238028738143194
090120	0.02160766861048974
090130	0.021289743443788967
090140	0.02191993993412769
090150	0.022224007460466575
090200	0.022078289729826995
090210	0.022341781752972103
090220	0.022844712963741087
090230	0.023143377414677823
090240	0.023340884852053257
090250	0.023509088618546285
090300	0.023595227059468708
090310	0.02379458528477631
090320	0.0242647941197961
090330	0.02475918711288584
090340	0.025389984665905765
090350	0.026249339809394878
090400	0.026964786028753972
090410	0.027592220661807026
090420	0.028265753778298607
090430	0.02904091790296402
090440	0.029544244564674978
090450	0.02993343938080984
090500	0.03037242008975119
090510	0.03098955024269083
090520	0.03157609537197308
090530	0.03209066361792197
090540	0.032459858808173696
090550	0.03291250047855727
090600	0.033385968112243834
090610	0.0338006129638194
090620	0.03414449615967906
090630	0.03456508413849407
090640	0.03518857589062468
090650	0.03576187356012648
090700	0.036279729045141484
090710	0.0368210745586477
090720	0.03739032777991948
090730	0.0379707643142126
090740	0.03847257779307893
090750	0.03888652708182461
090800	0.03928890610235006
090810	0.03961755969803222
090820	0.03989019366062494
090830	0.040209070366948554
090840	0.040557353450027915
090850	0.04093834516578178
090900	0.041420164472907
090910	0.04193124815991724
090920	0.042222610686258724
090930	0.04255572883331683
090940	0.042847780518034805
090950	0.043153547554269325
091000	0.04341150312163666
091010	0.04352588652947079
091020	0.043607682791939516
091030	0.043735473023970184
091040	0.0438932521549086
091050	0.044149594023212106
091100	0.044464167040611534
091110	0.04478422951175616
091120	0.04496452668698067
091130	0.045254675565531706
091140	0.04556549564905906
091150	0.04590234897059898
091200	0.04621001073324561
091210	0.046543600595564665
091220	0.04693326640052358
091230	0.04728743423266041
091240	0.04771147580264191
091250	0.04811373189884899
091300	0.048488517171867765
091310	0.04887602546196371
091320	0.04923188893881851
091330	0.049540265083680195
091340	0.049807521450341875
091350	0.05003978027421976
091400	0.05026991516704754
091410	0.050440319598576325
091420	0.050649950628284895
091430	0.05094765318624006
091440	0.051266664475357666
091450	0.05155471656584126
091500	0.051854389340257635
091510	0.05214261278455314
091520	0.052492553408371355
091530	0.05281921932400274
091540	0.0531050875191958
091550	0.05336603751916672
091600	0.053658898297304886
091610	0.05397387616649013
091620	0.054261315247517386
091630	0.05457745197834051
091640	0.05490597299230213
091650	0.055179409077532535
091700	0.055418281777959086
091710	0.05564370648368461
091720	0.05582820867899945
091730	0.056017989395564745
091740	0.05621457274132574
091750	0.05644831981104626
091800	0.05666723751689474
091810	0.05690065319444968
091820	0.057114287999083815
091830	0.05737443585590629
091840	0.05764172722578714
091850	0.057873899897742886
091900	0.05810756357724774
091910	0.05830303914698204
091920	0.05849923504642818
091930	0.05867362541787266
091940	0.058900326090549134
091950	0.059087203034638124
092000	0.05929622657665392
092010	0.05948252498109442
092020	0.05967407877785204
092030	0.0598304099049658
092040	0.06000545714168842
092050	0.060166653269049665
092100	0.060312827025406045
092110	0.060457579305978094
092120	0.06058948688359201
092130	0.06073127226869977
092140	0.06089928120736878
092150	0.06108269411675504
092200	0.06123447904903343
092210	0.06138183111563483
092220	0.06151670745954727
092230	0.06163810386339699
092240	0.06175463584038582
092250	0.06189247600139417
092300	0.062063854716535256
092310	0.06220261199995734
092320	0.06236028029841037
092330	0.06252038576361436
092340	0.06268516618837205
092350	0.06284080911661866
092400	0.06297931222429153
092410	0.0631329346799
092420	0.06326922210610061
092430	0.06341335332881974
092440	0.06355641796131899
092450	0.0637071776801319
092500	0.06383907744212207
092510	0.06395821930494743
092520	0.06407193589497018
092530	0.06417753095990779
092540	0.06431307242189747
092550	0.06445019902247551
092600	0.06457026896724254
092610	0.06466419931309594
092620	0.06475945076339791
092630	0.064847701792861
092640	0.06495202783835388
092650	0.06504934096599885
092700	0.06516530796724637
092710	0.06525447005822571
092720	0.06538305956010985
092730	0.06553755920344422
092740	0.06570384846780356
092750	0.06584326686510707
092800	0.06597493763067658
092810	0.06608404393083052
092820	0.06616713148125986
092830	0.0662476977440644
092840	0.06630915796061698
092850	0.06634980259893786
092900	0.06639304920065496
092910	0.06644661068158597
092920	0.0664835959086062
092930	0.06657591142700563
092940	0.0667566328162576
092950	0.06690109177380017
093000	0.06705237825562542
093010	0.06721566324046035
093020	0.06733938545193685
093030	0.0674615127393644
093040	0.06760606264552066
093050	0.06775000798958343
093100	0.06791421852452226
093110	0.06808196077924847
093120	0.06825301583560975
093130	0.06843315045564409
093140	0.06862656993931036
093150	0.06878601898014641
093200	0.06894182401955326
093210	0.06907865114377892
093220	0.06922149182897874
093230	0.06934016550241988
093240	0.06944286508071658
093250	0.0695309059081615
093300	0.06961149306868242
093310	0.06968969908133482
093320	0.0697711335610149
093330	0.06983236307885785
093340	0.06988796081101653
093350	0.06995260041849416
093400	0.07003910231002966
093410	0.07013367175816948
093420	0.07022259209242036
093430	0.07030352785880183
093440	0.07038435364548698
093450	0.07044372067889196
093500	0.07049219858960923
093510	0.07053470558574368
093520	0.07057748451974946
093530	0.0706233927288857
093540	0.0706778562248015
093550	0.07072649606752718
093600	0.07078094440856945
093610	0.0708310015955554
093620	0.07088383576074098
093630	0.07094068161101527
093640	0.07099285913861536
093650	0.07104487035394305
093700	0.07109797778647442
093710	0.07118602644405077
093720	0.07126661907330191
093730	0.07134194154587647
093740	0.07141522635367804
093750	0.07146678304741659
093800	0.0714998915327327
093810	0.07152104509088338
093820	0.07152742770214875
093830	0.07154364694974506
093840	0.0715597436063731
093850	0.07160607081687764
093900	0.07163460374563377
093910	0.07166369329039841
093920	0.07168648925981615
093930	0.07171232613706552
093940	0.0717418872256053
093950	0.07177167540807287
094000	0.07180439107901229
094010	0.07184791602378823
094020	0.07189662193275463
094030	0.07193731225195699
094040	0.07198992942678473
094050	0.07204875946085006
094100	0.07211055970804822
094110	0.07216601069794142
094120	0.07222242998858915
094130	0.07227635670703737
094140	0.07233328163052033
094150	0.07239168225926847
094200	0.0724358563566877
094210	0.07249212523750664
094220	0.07255221310521603
094230	0.07262488095186762
094240	0.07268771643183254
094250	0.07274930691421455
094300	0.07281505041893126
094310	0.07288578710866392
094320	0.07295400436380628
094330	0.0730199784166169
094340	0.07308283877067151
094350	0.0731411053419273
094400	0.07321512458389445
094410	0.07328550918911937
094420	0.07333647072261612
094430	0.07339773756423726
094440	0.07345996920819924
094450	0.0735353791230851
094500	0.07360414152593961
094510	0.0736433872575279
094520	0.07366025693995801
094530	0.07367276175756576
094540	0.07368844743386477
094550	0.07370959421236037
094600	0.0737455507427586
094610	0.07380634374302521
094620	0.07386338380408274
094630	0.07390928369414479
094640	0.073968186165187
094650	0.0740193066920836
094700	0.07406243848046322
094710	0.07411172118623452
094720	0.07416641969164121
094730	0.07421551108448261
094740	0.0742624034767758
094750	0.07430450623955172
094800	0.07435658868661277
094810	0.07439015689444688
094820	0.0744364151384512
094830	0.07448730768173696
094840	0.07451647457991922
094850	0.074545672684362
094900	0.07458796160617791
094910	0.07462645097675047
094920	0.074661075757648
094930	0.07468212334997575
094940	0.07470098793064375
094950	0.07473408132068689
095000	0.07475893302371418
095010	0.07476931187793476
095020	0.07477200884004769
095030	0.0747744127640034
095040	0.07478984254769822
095050	0.07479873645204098
095100	0.0748014868696948
095110	0.07481998039415685
095120	0.0748551063102083
095130	0.07488734646851418
095140	0.07492692657216043
095150	0.07497020404283977
095200	0.07501713280347999
095210	0.07505971243182283
095220	0.07510034087758177
095230	0.07513342077892961
095240	0.07515739355756001
095250	0.07517929263877647
095300	0.075211222611245
095310	0.07526125569649411
095320	0.07529600434300178
095330	0.07532840506622157
095340	0.07535406289193385
095350	0.07537427117323516
095400	0.0753893068575094
095410	0.07540748655828623
095420	0.07542519580562698
095430	0.07543572242960765
095440	0.07545718586581555
095450	0.07548280090752028
095500	0.07551127308122259
095510	0.075534853467448
095520	0.07555769221417685
095530	0.07557299905271812
095540	0.0755833640262495
095550	0.07559350952984041
095600	0.0755984307185587
095610	0.07560281636569904
095620	0.07559094441831822
095630	0.07558709270430414
095640	0.07557488127904076
095650	0.0755625212576908
095700	0.07555475297941085
095710	0.07554808867895499
095720	0.07555562498182007
095730	0.07557126125378705
095740	0.07558760949518514
095750	0.07561010511245399
095800	0.07563965326737128
095810	0.07567330591337856
095820	0.07570068439821559
095830	0.07573239492230173
095840	0.07576056681630589
095850	0.07578479352596973
095900	0.07582148669502721
095910	0.07585128201373553
095920	0.07588507373812728
095930	0.07592274282824393
095940	0.07596090455903537
095950	0.07599548831303958
100000	0.07601846889926621
100010	0.07603905422879183
100020	0.07605501181751614
100030	0.07607119271651586
100040	0.07607986218185019
100050	0.07609924308554454
100100	0.07611066769302621
100110	0.07611931630502636
100120	0.07612626912524982
100130	0.0761424845846996
100140	0.07616158097637515
100150	0.07617582247703084
100200	0.0761923460318408
100210	0.07620605743504756
100220	0.07622459307248318
100230	0.07623890534581583
100240	0.07624382000870515
100250	0.07625451746956906
100300	0.07626443372573
100310	0.0762750344550369
100320	0.07628732148769075
100330	0.07629822901979405
100340	0.07631476690348532
100350	0.07632544875571472
100400	0.07633619791048048
100410	0.07634769150145203
100420	0.07635717417649436
100430	0.0763699755989531
100440	0.07638317533024207
100450	0.07640209522120896
100500	0.07643642205886907
100510	0.07647201217520468
100520	0.07650551524938426
100530	0.07655100770898411
100540	0.07659183231272906
100550	0.07663629149404713
100600	0.07667716760400192
100610	0.07672065099650181
100620	0.07676253324215566
100630	0.07680041234014805
100640	0.07683533284734259
100650	0.076868671343024
100700	0.07690442449802007
100710	0.07694039737735966
100720	0.0769740436708396
100730	0.07702263109354784
100740	0.07708319729773828
100750	0.07717033468149129
100800	0.07727433396933868
100810	0.07740979805044201
100820	0.07759346135966591
100830	0.07776302594076379
100840	0.0779352340917105
100850	0.07806723644458222
100900	0.07817452576521179
100910	0.07824903535436195
100920	0.07833201076193144
100930	0.07840646679821892
100940	0.0784726449276649
100950	0.07853999809430076
101000	0.07861754534341686
101010	0.07868743455678734
101020	0.07875088663113212
101030	0.0788080002437081
101040	0.07888056479861898
101050	0.07896928336327598
101100	0.07905328736660017
101110	0.07912865002741949
101120	0.07921156370107452
101130	0.07929146106468114
101140	0.07937059521964378
101150	0.07945291560247687
101200	0.07952629368438177
101210	0.0795895915995501
101220	0.07964139447578726
101230	0.0796922976572269
101240	0.07973843728312699
101250	0.07978246441768533
101300	0.07982692526461578
101310	0.07986917474969206
101320	0.07991798239675033
101330	0.07996587545776468
101340	0.08001560064509543
101350	0.08007579133341106
101400	0.08012661207776098
101410	0.08017220076444131
101420	0.08021222841131748
101430	0.0802564711667825
101440	0.08030280248435322
101450	0.08034412315957136
101500	0.08037516530115632
101510	0.08041006231614348
101520	0.08044016740916879
101530	0.08046751475234508
101540	0.08050348204569888
101550	0.08053827451632767
101600	0.08056822079614007
101610	0.08058779946297738
101620	0.08061095411549937
101630	0.08062634112068465
101640	0.0806406365559607
101650	0.08065448858186905
101700	0.08066766333979285
101710	0.08067925465503473
101720	0.08069182274337564
101730	0.0807077467099935
101740	0.08072717358838451
101750	0.08074240620963101
101800	0.08075552136379212
101810	0.08076523455182771
101820	0.08077436739350297
101830	0.08078328492833306
101840	0.08080359150829755
101850	0.08082228133881397
101900	0.08083987595885701
101910	0.08086503785423003
101920	0.08089133088068767
101930	0.08091924615118976
101940	0.08094593759722232
101950	0.08097108762505748
102000	0.08099633951564253
102010	0.08102793314992315
102020	0.08107224305888555
102030	0.08112723889731029
102040	0.0811761942293788
102050	0.08122495192009653
102100	0.08127649153312827
102110	0.08133088097123681
102120	0.08138332832020616
102130	0.08142369149828631
102140	0.08146098922223145
102150	0.08149913224840181
102200	0.08154225905878247
102210	0.08157833271454115
102220	0.08161566383544591
102230	0.08165225051256415
102240	0.08168903303130262
102250	0.08172875021352519
102300	0.08176665431291531
102310	0.08180976667705095
102320	0.08185481381200513
102330	0.08189620624806074
102340	0.08194659767589184
102350	0.08199658459975505
102400	0.08204102796798307
102410	0.08208152735465832
102420	0.08212235572035528
102430	0.08215650920892788
102440	0.08219232266615144
102450	0.08222685549605191
102500	0.08225475333964066
102510	0.08228372014856644
102520	0.08230749505118444
102530	0.08232616996302151
102540	0.0823490449229272
102550	0.08237094191886507
102600	0.08238681899612046
102610	0.08240272946734507
102620	0.08242122458161259
102630	0.08243932869951355
102640	0.08245081193672514
102650	0.08245835584667414
102700	0.0824588184069813
102710	0.0824588866884551
102720	0.0824610329356545
102730	0.08245637140697004
102740	0.08245040136551292
102750	0.08244301545455776
102800	0.08244234761481133
102810	0.082440861253822
102820	0.082435040059268
102830	0.0824254789488366
102840	0.08241581753695945
102850	0.08241236147689882
102900	0.08241218015971373
102910	0.08241806799664216
102920	0.08242213863680459
102930	0.0824240246747937
102940	0.08242808581528616
102950	0.08242982528029881
103000	0.08243201039330063
103010	0.08243836873246906
103020	0.08244556264328105
103030	0.08245085434656625
103040	0.08245232413040722
103050	0.08245580539925566
103100	0.08246096799754495
103110	0.0824658736102871
103120	0.08247825344884022
103130	0.08250063481774468
103140	0.0825253827617828
103150	0.0825538288720259
103200	0.08258035892093023
103210	0.08260824643320426
103220	0.08264131674426464
103230	0.08267381899642537
103240	0.08270390858494833
103250	0.08273271237882253
103300	0.08276208726215901
103310	0.08279055428292734
103320	0.08282276966722514
103330	0.08285849368144273
103340	0.08288980449705809
103350	0.08292134829839355
103400	0.08295290295856889
103410	0.08299316449075463
103420	0.08303989190718039
103430	0.08308699924913236
103440	0.08313129172358893
103450	0.08316783668591991
103500	0.08320243232984857
103510	0.08323703829080506
103520	0.08326556127591571
103530	0.08329315273085895
103540	0.08333431194695214
103550	0.08336743677629628
103600	0.08339441846978736
103610	0.08341775389570134
103620	0.08345056485601515
103630	0.0834871585629354
103640	0.08352196296415898
103650	0.08355686073746724
103700	0.08358934192329615
103710	0.08362314046118147
103720	0.08366131837639754
103730	0.0837024906516363
103740	0.08374506791202382
103750	0.08379102375958264
103800	0.08383911625899339
103810	0.08388740285424034
103820	0.08394008136448625
103830	0.0839965404245428
103840	0.0840552030660291
103850	0.08411547886772115
103900	0.08417082684793141
103910	0.08421394662893353
103920	0.08425816813330854
103930	0.08430179091828537
103940	0.08434562810811201
103950	0.08438889088336644
104000	0.0844350350375165
104010	0.08448087123623592
104020	0.08453414802434155
104030	0.08457686760224169
104040	0.08461524790172653
104050	0.08466041892143877
104100	0.08470952248208947
104110	0.08475536314826516
104120	0.08480052001397195
104130	0.08485162951735777
104140	0.08489862340584048
104150	0.08494473690817947
104200	0.08498834412478676
104210	0.08503881708629626
104220	0.08507981578746766
104230	0.08511322702908024
104240	0.08514795891004755
104250	0.08518631854515618
104300	0.08522891771077021
104310	0.08527090392402292
104320	0.0853100228563696
104330	0.0853497631613373
104340	0.08538910347160607
104350	0.08542913477101326
104400	0.08547505087014622
104410	0.08552318612717358
104420	0.08556331101314303
104430	0.08560281880391343
104440	0.08564270895869724
104450	0.08568596034677638
104500	0.08572853510731225
104510	0.08577441938124636
104520	0.08581421291660414
104530	0.08585485804287214
104540	0.0858937876574302
104550	0.08592958083437231
104600	0.08597251830102859
104610	0.08601415369565388
104620	0.08605306963855024
104630	0.08608966628462202
104640	0.08612320916239545
104650	0.08615999175807143
104700	0.08619383650358277
104710	0.08622757544247966
104720	0.08626225311669194
104730	0.08629731260589935
104740	0.08633123146191292
104750	0.08637058722288704
104800	0.0864069742678842
104810	0.08645395993740056
104820	0.0865036848942461
104830	0.08655463960671543
104840	0.08660786703220438
104850	0.08665423434124284
104900	0.08670348480564842
104910	0.08674968646969096
104920	0.08678725935601764
104930	0.0868230571307856
104940	0.08685660316845945
104950	0.08688317390494572
105000	0.08691546064856127
105010	0.08694945584403534
105020	0.08698470130901366
105030	0.0870221471571497
105040	0.0870504099470524
105050	0.08708429459175118
105100	0.08711322716973519
105110	0.08713991153647797
105120	0.08717009593739708
105130	0.08720846447963004
105140	0.08724835528320758
105150	0.08728501599105312
105200	0.08732235108455408
105210	0.08735658644170959
105220	0.08738434331513356
105230	0.0874116277976327
105240	0.08743733790607092
105250	0.08745820278800254
105300	0.08747907099503166
105310	0.08749969408156798
105320	0.08751594609958001
105330	0.08752682849448114
105340	0.08754309827237815
105350	0.08756408650919359
105400	0.08759002053655504
105410	0.0876169035540443
105420	0.0876536668668638
105430	0.08768631212845031
105440	0.0877262038744536
105450	0.08776084231756767
105500	0.08779168059961638
105510	0.08782190076741744
105520	0.08785622510721253
105530	0.08788711951545414
105540	0.08791484525141635
105550	0.08794310168737744
105600	0.08797243267159957
105610	0.08800158952638458
105620	0.08802732783396486
105630	0.0880518394824243
105640	0.0880725645577516
105650	0.08809104937002152
105700	0.08810823334143732
105710	0.08812411014515098
105720	0.08814871899750659
105730	0.08818246058355288
105740	0.08821432184414876
105750	0.08824547157465448
105800	0.08827585583261237
105810	0.08831170271830453
105820	0.08834866378256113
105830	0.08838355872800904
105840	0.08841973742433978
105850	0.08845818081017565
105900	0.0884945630619427
105910	0.08853416181395475
105920	0.08856811130308237
105930	0.08860375958385455
105940	0.08863886212899591
105950	0.08867504167810356
110000	0.08871326005669838
110010	0.08875087317564245
110020	0.08878268600341425
110030	0.08881204205033456
110040	0.08883778538528056
110050	0.08885941659242509
110100	0.08888116673503342
110110	0.08890140106814645
110120	0.0889266034980655
110130	0.0889480243553365
110140	0.08897116776366035
110150	0.08899369540361535
110200	0.08901378009628833
110210	0.08903604695983316
110220	0.08905776624882009
110230	0.08908364343297422
110240	0.08911526543519134
110250	0.08914971515098905
110300	0.08918175516014874
110310	0.08921010390322423
110320	0.08923549803609546
110330	0.08926984717906908
110340	0.08930358837435326
110350	0.08933914932187134
110400	0.08937917844857203
110410	0.08942102816445237
110420	0.0894642110368964
110430	0.08950514601056092
110440	0.0895483272271661
110450	0.08959339773633575
110500	0.08963631690873385
110510	0.08967466489619558
110520	0.08971607439036748
110530	0.08975014399508745
110540	0.08978392749800021
110550	0.08981739029759027
110600	0.08984921489725743
110610	0.08987853056852867
110620	0.08990984848764907
110630	0.08994867891091701
110640	0.08998217150880898
110650	0.09001851975263575
110700	0.09005155141651301
110710	0.09009013817822793
110720	0.09012799143212813
110730	0.09017018727203431
110740	0.09021399634079816
110750	0.09026139389341414
110800	0.0903108687639496
110810	0.09036113750691738
110820	0.09041325731287513
110830	0.09046062965789288
110840	0.09050841573608089
110850	0.09055830215446554
110900	0.09061148761514494
110910	0.09066292760252187
110920	0.09072160848320546
110930	0.09077758528129767
110940	0.09083033050552977
110950	0.09087801801678282
111000	0.09092216863153416
111010	0.0909638429690169
111020	0.09100084117813448
111030	0.0910398340850049
111040	0.09107514611533998
111050	0.09110988922885684
111100	0.09114793104476604
111110	0.09118480329843032
111120	0.0912202793082434
111130	0.09125408494392326
111140	0.09128951293702081
111150	0.09132349169047697
111200	0.09135720151271606
111210	0.09139126868034443
111220	0.09142721727743275
111230	0.09146319679885902
111240	0.09149696868664559
111250	0.09152856848529
111300	0.09156171681667336
111310	0.09159522701193996
111320	0.09162848775056977
111330	0.0916696996519418
111340	0.09170703418473958
111350	0.09174953531294393
111400	0.09179127444580745
111410	0.09182782935364092
111420	0.09186388784379629
111430	0.0918951043913974
111440	0.09192448140925405
111450	0.09195860548330825
111500	0.09199521108059516
111510	0.09203376331241243
111520	0.09207444042474248
111530	0.09211518581223625
111540	0.09215570732638309
111550	0.09219337052275361
111600	0.09223371564778085
111610	0.0922782364381919
111620	0.09232167825054916
111630	0.09236516913716536
111640	0.09240695442224127
111650	0.09244623579454676
111700	0.0924873079316099
111710	0.0925246291917199
111720	0.09255978556628504
111730	0.09259440529405631
111740	0.09263094416216895
111750	0.09267173599180914
111800	0.09271352961908363
111810	0.09276741616202627
111820	0.09283197503341024
111830	0.09289824457973739
111840	0.09296301337190926
111850	0.09302675535726374
111900	0.09309071522676254
111910	0.09314842125449375
111920	0.09320938677141666
111930	0.09327387959742929
111940	0.09334327404027352
111950	0.09341132010996862
112000	0.09347710176171957
112010	0.09354184404400143
112020	0.09361118949419184
112030	0.09367727702013189
112040	0.09374253225506687
112050	0.09380674616659337
112100	0.09386751536813594
112110	0.09392344734970444
112120	0.09397722816992017
112130	0.09402613873266025
112140	0.09407670489680062
112150	0.09412481987474365
112200	0.09417263490636239
112210	0.09422040789612075
112220	0.09426639399507783
112230	0.09431404117770187
112240	0.09436457159153865
112250	0.09441775555904479
112300	0.09446966575198762
112310	0.09451936472208061
112320	0.09457042036892681
112330	0.09462094282043015
112340	0.09466894147037584
112350	0.0947157641295408
112400	0.09476255963533584
112410	0.09480753677484782
112420	0.09484949871081624
112430	0.09489303522179193
112440	0.09493907078902757
112450	0.09498290874658663
112500	0.09502546240432813
112510	0.09506781232767199
112520	0.09510998402103786
112530	0.0951497425954333
112540	0.09518679784394861
112550	0.09522221675472142
112600	0.0952556486596121
112610	0.09528991550686312
112620	0.09532307229098089
112630	0.09535624066577676
112640	0.0953890698116934
112650	0.09542312696006842
112700	0.09545847005558687
112710	0.095494826986904
112720	0.09552735137800605
112730	0.09555705117236746
112740	0.09558700876144902
112750	0.0956195211215693
112800	0.09565371649681934
112810	0.09568723793440738
112820	0.09571961402161408
112830	0.09575915519600636
112840	0.09579635676166864
112850	0.09583412991261181
112900	0.09587707523055879
112910	0.09592194904077374
112920	0.09596481119804331
112930	0.09600582235616457
112940	0.0960468225476957
112950	0.09608846250955153
113000	0.09613092171174939
113010	0.09617066883433595
113020	0.09621110908293469
113030	0.09625056309153662
113040	0.0962906680653765
113050	0.09633398722937929
113100	0.09637601600703918
113110	0.09641980561381085
113120	0.0964611703505816
113130	0.09650488679879747
113140	0.09654793502122776
113150	0.09658962354388834
113200	0.09663454155815417
113210	0.09667355142642821
113220	0.09671076855199214
113230	0.09674963677437341
113240	0.0967889556345888
113250	0.09682960848853611
113300	0.09686826075418643
113310	0.09690209893939268
113320	0.09693256144830215
113330	0.09696115308574807
113340	0.09699279304630032
113350	0.0970305076511666
113400	0.09706889120032104
113410	0.09710636650871529
113420	0.09714250253364613
113430	0.09717638657947551
113440	0.0972092976807416
113450	0.09724593844971408
113500	0.09728191660192528
113510	0.09731214199317917
113520	0.09733778158063758
113530	0.0973651343509156
113540	0.09739165062726596
113550	0.09742274094035328
113600	0.09745579719721552
113610	0.09749014002944112
113620	0.09752374299782225
113630	0.0975596193937099
113640	0.09759843427432478
113650	0.09763424552494632
113700	0.09766790305446549
113710	0.09770500633056656
113720	0.09774234952112416
113730	0.09778328386044914
113740	0.09782155096026435
113750	0.09785929419630914
113800	0.09789577154827833
113810	0.09793390575143031
113820	0.09796856359254612
113830	0.0980066586652612
113840	0.09804361014283852
113850	0.09808143348945164
113900	0.09812190478605232
113910	0.09815751247339129
113920	0.09819476342466896
113930	0.09823310962166902
113940	0.09827104175437384
113950	0.09830036557652361
114000	0.09833154920963218
114010	0.09836225036457244
114020	0.09839179465468115
114030	0.09842027683577638
114040	0.09844955087190325
114050	0.09847630281854042
114100	0.09850522047503364
114110	0.09853554570490353
114120	0.09856569267198938
114130	0.098596343414707
114140	0.09862687718291309
114150	0.0986572243826434
114200	0.09869011800884571
114210	0.09872175472947994
114220	0.09875452037127455
114230	0.09878876502176596
114240	0.09881886551377721
114250	0.09884746690246178
114300	0.09887518958487879
114310	0.09890260532748565
114320	0.09892992478267108
114330	0.09895780940872993
114340	0.09899135397081558
114350	0.09902914754237317
114400	0.09906616359885807
114410	0.0990995903281523
114420	0.09913511367092048
114430	0.0991671402773248
114440	0.0992003768976999
114450	0.09923356710498325
114500	0.09927156870360081
114510	0.09930848370521399
114520	0.09934728668366864
114530	0.0993794778479202
114540	0.09941042353349351
114550	0.09944116251426481
114600	0.09946342794383829
114610	0.09948896959191553
114620	0.09951701257731765
114630	0.09954000629972737
114640	0.09955624160063542
114650	0.09956939158177226
114700	0.09958016411373515
114710	0.09959056131617221
114720	0.09960265440276139
114730	0.09961501779297798
114740	0.0996343739860066
114750	0.09965466556057442
114800	0.0996729818222128
114810	0.099688521837897
114820	0.09970299832997084
114830	0.0997159586510283
114840	0.09972865266738722
114850	0.09974029262126677
114900	0.09975133280332837
114910	0.09975936062853574
114920	0.09976983327651973
114930	0.09977964437220713
114940	0.09978777341760289
114950	0.0997961928971209
115000	0.09980463519438115
115010	0.09981254639711565
115020	0.0998202349152218
115030	0.09982879749692782
115040	0.09983990374096924
115050	0.09985236897219901
115100	0.09986836070444884
115110	0.09988568632396261
115120	0.09990347379794924
115130	0.09992491819661797
115140	0.09994710174387428
115150	0.09996602472029693
115200	0.09998841751459604
115210	0.10000987029576076
115220	0.1000312941161052
115230	0.10005170621319276
115240	0.10007405742379659
115250	0.10009343509943457
115300	0.10011153549294334
115310	0.10013094831070943
115320	0.1001513531623159
115330	0.10017190809003537
115340	0.10019197808303412
115350	0.10021114655226998
115400	0.10022925302524233
115410	0.10024449977298275
115420	0.10026181596225531
115430	0.10027785913886113
115440	0.10029345987348874
115450	0.10030909408126745
115500	0.10032646767238099
115510	0.10034104409478115
115520	0.10035705454239681
115530	0.10037239537498648
115540	0.10039040146167387
115550	0.10040773885589663
115600	0.10042503611145097
115610	0.10043982686612431
115620	0.10045469237434237
115630	0.10046764017196874
115640	0.10047750564085091
115650	0.1004867304494352
115700	0.10049613463618874
115710	0.10050553959242498
115720	0.1005100935558588
115730	0.10051557606365083
115740	0.10052088068606005
115750	0.10052730374344378
115800	0.10053052405342372
115810	0.1005326570313684
115820	0.10053849609323845
115830	0.10054318888042621
115840	0.10054764222162008
115850	0.10054988580632329
115900	0.10055256728815158
115910	0.10055593261954526
115920	0.10055921258302254
115930	0.10056530359100206
115940	0.10057324303160638
115950	0.10058161857815025
120000	0.10058751043476687
120010	0.10059123250465596
120020	0.10059432508860404
120030	0.10059652017865076
120040	0.10060060493052574
120050	0.10060452827414723
120100	0.10060744903873971
120110	0.1006096240012653
120120	0.10061321871307272
120130	0.10061654901338929
120140	0.10062189375159619
120150	0.10062781508767304
120200	0.10063207861497617
120210	0.10063814809474166
120220	0.10064398993260255
120230	0.10064978563273348
120240	0.10065788814456196
120250	0.10066565246786137
120300	0.10067298654813467
120310	0.10068026670998366
120320	0.10068597378999945
120330	0.10069204213951086
120340	0.10069662720404628
120350	0.10070104681909857
120400	0.10070274053224182
120410	0.10070567624258144
120420	0.10070977823117014
120430	0.10071184039466158
120440	0.1007148133569603
120450	0.10071439794157729
120500	0.10071302301800239
120510	0.10071256248518971
120520	0.10071068654220129
120530	0.10070854741699628
120540	0.10070792470373935
120550	0.10070607184279763
120600	0.10070247375639785
120610	0.1006997673688181
120620	0.10069703092926595
120630	0.10069146845449965
120640	0.10068695690243956
120650	0.10068231728693716
120700	0.1006785175809595
120710	0.10067629402468549
120720	0.10067176682670383
120730	0.10066733524345586
120740	0.1006640349791913
120750	0.10066107853771754
120800	0.1006589092852586
120810	0.10065644382541732
120820	0.10065316359889975
120830	0.10064972081432355
120840	0.10064821778716902
120850	0.10064673211969533
120900	0.10064510939544487
120910	0.10064431439744344
120920	0.10064100303371419
120930	0.10063585341776471
120940	0.1006329806730361
120950	0.10063115871437324
121000	0.10063044443871047
121010	0.10062926069072294
121020	0.10062812647305239
121030	0.10062861420078116
121040	0.10062853517362785
121050	0.10062838104439738
121100	0.10062890030403145
121110	0.10062811616433456
121120	0.10062748556280947
121130	0.1006263932544245
121140	0.1006244935833008
121150	0.10062399264530253
121200	0.10062277712149152
121210	0.10062084200754402
121220	0.10062145657517059
121230	0.10062101751682583
121240	0.10061900004729667
121250	0.10061645269865022
121300	0.10061381219047594
121310	0.1006110944715168
121320	0.10060839869582762
121330	0.10060980884209667
121340	0.10061069541665225
121350	0.10061035164764788
121400	0.10061164418237536
121410	0.10061229170642283
121420	0.10061241084476161
121430	0.10061220206422965
121440	0.10061271142427251
121450	0.10061185962255491
121500	0.10061155174056596
121510	0.10060903608228892
121520	0.10060703260054907
121530	0.10060331787493322
121540	0.1006012273030679
121550	0.10060310045171851
121600	0.10060501549562065
121610	0.10060694936233051
121620	0.10061256154977138
121630	0.10061847314978603
121640	0.10062395877865411
121650	0.1006308176611021
121700	0.1006367917878088
121710	0.10064224324997638
121720	0.10064893437716585
121730	0.10065552653712259
121740	0.10066251806805104
121750	0.10066867945983005
121800	0.10067499993158673
121810	0.10068172227468827
121820	0.10069072350683511
121830	0.10069891981436746
121840	0.10070659721580291
121850	0.10071389712954917
121900	0.10072208978580754
121910	0.10072962780467487
121920	0.10073588506576342
121930	0.10074259672004848
121940	0.10075081882699981
121950	0.10075877218251195
122000	0.100768999433491
122010	0.1007770308193139
122020	0.10078460272939824
122030	0.10079039263236683
122040	0.10079699808812184
122050	0.10080406652133479
122100	0.10081287953285552
122110	0.10082288471447376
122120	0.10083086217388666
122130	0.1008380505389346
122140	0.10084455281351463
122150	0.10084928875748903
122200	0.10085347264144164
122210	0.10085851995016108
122220	0.10086555205164102
122230	0.10087513092023037
122240	0.10088315951910484
122250	0.10089430766998808
122300	0.10090444778241835
122310	0.10091482059739085
122320	0.10092552749005752
122330	0.10093613388376765
122340	0.10094532471730998
122350	0.10095341402784919
122400	0.1009609706911057
122410	0.10096837057125613
122420	0.10097662113379809
122430	0.10098238609162169
122440	0.10098780941643457
122450	0.10099432451504746
122500	0.10100354218379955
122510	0.10101575829536225
122520	0.10102671143654006
122530	0.10103786133263921
122540	0.10104845444732383
122550	0.1010611632133318
122600	0.10107385379090904
122610	0.10108572799938313
122620	0.10109933438067702
122630	0.1011133037310573
122640	0.10112694932035135
122650	0.101139281021995
122700	0.1011505156169377
122710	0.10116141854781117
122720	0.10117119090724773
122730	0.10118063719174712
122740	0.10118928909050436
122750	0.10119874398174891
122800	0.1012063129599759
122810	0.10121501010996004
122820	0.10122279847471466
122830	0.10123110954046355
122840	0.10123919987899586
122850	0.10124817668918516
122900	0.1012567988807366
122910	0.10126425447772675
122920	0.10127183982391456
122930	0.10128203377871393
122940	0.10129062234466421
122950	0.10129864572417759
123000	0.1013060232573936
123010	0.10131336635816206
123020	0.10132242872005948
123030	0.10133149269710195
123040	0.10133856087633082
123050	0.1013453703996329
123100	0.10135120204763966
123110	0.10136112099459259
123120	0.10137085269613784
123130	0.10138005262404633
123140	0.1013903709186966
123150	0.1014023342147192
123200	0.10141656902485292
123210	0.10143144206850156
123220	0.10145037675251974
123230	0.10146852716254794
123240	0.10148623382303566
123250	0.10150246820658208
123300	0.10151913990709915
123310	0.10153224623265833
123320	0.10154510978861027
123330	0.10155638958911738
123340	0.10156652596725663
123350	0.10157719488533933
123400	0.10158730292668147
123410	0.1015991753461936
123420	0.10160797951866467
123430	0.10161809264788584
123440	0.1016277263128504
123450	0.10163507983664063
123500	0.10164443217784229
123510	0.10165115571571053
123520	0.10165683746532482
123530	0.10166199268388754
123540	0.10166353731267962
123550	0.1016633161249285
123600	0.10166455804403787
123610	0.10166410357293283
123620	0.1016642147601014
123630	0.10166437366437349
123640	0.10166527452719727
123650	0.10166475918272708
123700	0.10166522626215259
123710	0.10166649668782954
123720	0.10166892108711899
123730	0.10166994099447683
123740	0.10167085596703011
123750	0.10167133601769929
123800	0.10167138454677527
123810	0.10167050148965741
123820	0.10167029753131629
123830	0.10167178647156573
123840	0.10167352378929996
123850	0.10167592923739589
123900	0.10167925070748186
123910	0.10168100428981403
123920	0.10168303301237032
123930	0.10168408044520627
123940	0.10168391974164695
123950	0.10168297822037226
124000	0.10168263419624249
124010	0.10168243231051226
124020	0.10168146738219687
124030	0.10168021583914381
124040	0.10167807175905437
124050	0.10167682473772399
124100	0.10167594742012369
124110	0.10167660719473987
124120	0.10167725861719767
124130	0.10167879677928318
124140	0.10168191315647696
124150	0.10168385832649032
124200	0.10168496321446646
124210	0.10168610828044711
124220	0.10168723500004637
124230	0.10168837818450252
124240	0.10168886032484438
124250	0.10168848703643928
124300	0.10168713962636941
124310	0.10168507346120821
124320	0.10168107048407284
124330	0.10167767160064382
124340	0.10167528633694972
124350	0.10167335670218276
124400	0.10167053060204764
124410	0.10166634650757919
124420	0.10166245853690725
124430	0.1016571935980854
124440	0.10165163504176189
124450	0.10164507011894269
124500	0.10163892161069045
124510	0.10163419726347123
124520	0.10162787031670352
124530	0.10162068051417623
124540	0.10161353592623908
124550	0.10160739740261449
124600	0.10160099732203934
124610	0.10159564188611701
124620	0.10158930588711848
124630	0.10158296964123113
124640	0.10157653082945318
124650	0.10157100276786635
124700	0.1015645796214101
124710	0.1015577154454457
124720	0.10155105312809952
124730	0.10154470319360087
124740	0.10153754271515246
124750	0.1015297093231786
124800	0.10152156948627995
124810	0.10151380273691309
124820	0.10150693113561968
124830	0.1014994762483272
124840	0.10149267198557549
124850	0.10148566521772931
124900	0.10147800802128652
124910	0.10146911965076044
124920	0.1014592754689884
124930	0.10145000281585698
124940	0.1014407853206496
124950	0.10143065574626386
125000	0.10141985078907557
125010	0.10140974627964987
125020	0.10139996099062734
125030	0.10139027864854956
125040	0.10138110365780562
125050	0.10137248143628326
125100	0.10136433773665701
125110	0.10135689484032694
125120	0.10134813526184805
125130	0.10134146722248531
125140	0.10133374864247607
125150	0.1013260766039018
125200	0.10131865598362391
125210	0.10131254196514984
125220	0.10130688230620692
125230	0.10130100385636054
125240	0.10129358959980324
125250	0.1012858805149033
125300	0.10127864466535928
125310	0.10127212050185316
125320	0.10126515064858119
125330	0.10125790987268421
125340	0.10124986268963414
125350	0.10124160795731901
125400	0.10123363912999468
125410	0.10122478359934477
125420	0.1012168777896855
125430	0.10120911841597745
125440	0.10120138158245072
125450	0.10119357658159689
125500	0.1011859974630609
125510	0.10117892336512288
125520	0.10117180758792126
125530	0.10116411734421664
125540	0.10115606951494291
125550	0.10114767617232481
125600	0.10113891138530401
125610	0.10113106524078078
125620	0.10112365986384482
125630	0.101116344415631
125640	0.10110812032893314
125650	0.10110134788866745
125700	0.10109467149992764
125710	0.10108948463780208
125720	0.10108435652099051
125730	0.10107890113405807
125740	0.10107336579752726
125750	0.10106853366730509
125800	0.1010659374951158
125810	0.10106448168037252
125820	0.10106213586344893
125830	0.10105990897706352
125840	0.10105661484495741
125850	0.10105448694304077
125900	0.10105339189094523
125910	0.10105302996048786
125920	0.10105126920142071
125930	0.10104968175968568
125940	0.10104794881842183
125950	0.10104548711952227
130000	0.10104230549666697
130010	0.10103901214547804
130020	0.10103436486858378
130030	0.10102972951209342
130040	0.10102607313671515
130050	0.10102414609830736
130100	0.10102354855317798
130110	0.10102341548628489
130120	0.10102383821352677
130130	0.10102550907968198
130140	0.10102763009388067
130150	0.10102850279535153
130200	0.10102920969943299
130210	0.1010319508844583
130220	0.1010351089911094
130230	0.10103726960809571
130240	0.1010404905337016
130250	0.10104450726913035
130300	0.10104873901164083
130310	0.10105388120844783
130320	0.1010591071783981
130330	0.10106319399486692
130340	0.10106520715502476
130350	0.10106712892387089
130400	0.10106983394652343
130410	0.10107415391708992
130420	0.10107784212350818
130430	0.10108109776106765
130440	0.10108437642870266
130450	0.10108784009542558
130500	0.10109080451556705
130510	0.1010938634427632
130520	0.10109907657190435
130530	0.10110604406017722
130540	0.10111350079825211
130550	0.10112006766450192
130600	0.10112636875563123
130610	0.10113222785888301
130620	0.10113936618525489
130630	0.10114715031179738
130640	0.1011542727762772
130650	0.10116092381506565
130700	0.10116898289304466
130710	0.10117686579885499
130720	0.10118469459018502
130730	0.10119102588207027
130740	0.10119618147783513
130750	0.10120250534564823
130800	0.10120741985772773
130810	0.10121418419767704
130820	0.10122118992267878
130830	0.101226496821666
130840	0.10123280975327484
130850	0.10124147902455864
130900	0.10124982538559033
130910	0.10125733859191785
130920	0.10126465403555253
130930	0.10127231921538511
130940	0.10127824314927716
130950	0.1012848632032513
131000	0.10129081570046974
131010	0.10129881521848813
131020	0.1013072508845566
131030	0.10131663760186899
131040	0.1013250388165728
131050	0.10133396485418847
131100	0.10134294021904633
131110	0.10135186620801499
131120	0.10136095298587845
131130	0.10136963285732442
131140	0.10137797193964722
131150	0.10138779588639135
131200	0.10139692013463339
131210	0.1014095995337125
131220	0.10142483052678535
131230	0.10143899565079692
131240	0.1014530713327519
131250	0.10146712634744368
131300	0.10148063665369163
131310	0.10149450232551246
131320	0.101507850631319
131330	0.10152029088994788
131340	0.10153031595946942
131350	0.10154166072290835
131400	0.10155081923214056
131410	0.1015595204048605
131420	0.10156916707341979
131430	0.10157970677901768
131440	0.10158961974026726
131450	0.10159946784431881
131500	0.10160921559473325
131510	0.10161897832560972
131520	0.1016276143284414
131530	0.10163448277511797
131540	0.10164221606887698
131550	0.10165021188072362
131600	0.10165753542970042
131610	0.10166820558173509
131620	0.10168080457162036
131630	0.1016936870952773
131640	0.10170709431464842
131650	0.10171955179213614
131700	0.10173561758748671
131710	0.10175164451346322
131720	0.10176683911710063
131730	0.10178236306015223
131740	0.1017937916140551
131750	0.10180344372686055
131800	0.10181184526261744
131810	0.10182257968898843
131820	0.10183268551331898
131830	0.10184292365209528
131840	0.10185390801402959
131850	0.10186391184737277
131900	0.10187500275609974
131910	0.10188536068436538
131920	0.10189401409785818
131930	0.10190203156815339
131940	0.10191006337464197
131950	0.10191655432873119
132000	0.10192156865119024
132010	0.10192809843179337
132020	0.10193241807751913
132030	0.10193667515430502
132040	0.10194022996651159
132050	0.10194364896316457
132100	0.10195115220648229
132110	0.10195752551157919
132120	0.10196445068698096
132130	0.10197142052146681
132140	0.10197768772168439
132150	0.10198385159221766
132200	0.10199140587571746
132210	0.1019982093227219
132220	0.10200612550359908
132230	0.10201322963358024
132240	0.10202043274940541
132250	0.10202844458714828
132300	0.10203606834604292
132310	0.10204269819298488
132320	0.10204989639197624
132330	0.10205671951723432
132340	0.10206405363732063
132350	0.102071640522155
132400	0.1020792801032301
132410	0.1020863768017741
132420	0.10209300570985501
132430	0.10209932470729327
132440	0.10210593236689344
132450	0.10211346269937367
132500	0.10212009908481083
132510	0.10212610854236522
132520	0.10212995053750351
132530	0.10213461662776456
132540	0.10213785168872963
132550	0.10214028866343419
132600	0.10214120301930232
132610	0.1021414633798054
132620	0.10214136597416301
132630	0.102142921171877
132640	0.10214543476175378
132650	0.10214884227549652
132700	0.10215172928278388
132710	0.10215474687505834
132720	0.10215820307632711
132730	0.10216382480483222
132740	0.10216858380197097
132750	0.10217198816266738
132800	0.10217653983076411
132810	0.10218062103950572
132820	0.10218498895024529
132830	0.1021899253533025
132840	0.10219196552588516
132850	0.10219229072648146
132900	0.10219226869299167
132910	0.1021928181835586
132920	0.1021929448976285
132930	0.10219357437013228
132940	0.10219458597431756
132950	0.10219502217884231
133000	0.10219531119407453
133010	0.1021969342484223
133020	0.10219860276611055
133030	0.10220099341175043
133040	0.10220479476337431
133050	0.10220817177745123
133100	0.10221218344240521
133110	0.1022141043076851
133120	0.10221667502967129
133130	0.1022187384488664
133140	0.10222130641884182
133150	0.10222467021283278
133200	0.10222798386415295
133210	0.10223123854928566
133220	0.10223561770697684
133230	0.1022404671641086
133240	0.10224709871587974
133250	0.1022548307066204
133300	0.10226243097825158
133310	0.1022696217771534
133320	0.10227569703723215
133330	0.10228108254269892
133340	0.10228613380905656
133350	0.1022910459247639
133400	0.10229801800314094
133410	0.10230769080549189
133420	0.1023154874128231
133430	0.10232634568351825
133440	0.10233992142937394
133450	0.10235383923974509
133500	0.1023675173919865
133510	0.10238015850578809
133520	0.10239281702034325
133530	0.1024065360014124
133540	0.10242152817468424
133550	0.10243696409606913
133600	0.10245210477387508
133610	0.10246782436958876
133620	0.10248227424768482
133630	0.10249593688150668
133640	0.102512415259046
133650	0.102527797369389
133700	0.10254278710871495
133710	0.10255780988183442
133720	0.10257261803348879
133730	0.10258600010206034
133740	0.10259933142052514
133750	0.10261347396163885
133800	0.10262686455990085
133810	0.10264039656514311
133820	0.10265409190643401
133830	0.10266750523972416
133840	0.10268172797544918
133850	0.10269724358982521
133900	0.10271376014285051
133910	0.10273001443158637
133920	0.10274551503461958
133930	0.10276362568664461
133940	0.10278086259738842
133950	0.10279991146704191
134000	0.10281803153656115
134010	0.10283594136197746
134020	0.10285330056910771
134030	0.10287007541569873
134040	0.10288764400499893
134050	0.10290851288287926
134100	0.10292714105383956
134110	0.10294497364629887
134120	0.10296193906686163
134130	0.10297948846160061
134140	0.10299556348795448
134150	0.10301160598955068
134200	0.1030264141016084
134210	0.10304035513047617
134220	0.10305706078280545
134230	0.1030766539475227
134240	0.10309558642971609
134250	0.10311314704144833
134300	0.10312811120620213
134310	0.1031433247058213
134320	0.10315874081375893
134330	0.10317702422765061
134340	0.1031992787823487
134350	0.10321904300613838
134400	0.10323679222569462
134410	0.10325497355574847
134420	0.10327235841926666
134430	0.10328812826033178
134440	0.10330330162380007
134450	0.10331717018243833
134500	0.10333093263686674
134510	0.10334305919554194
134520	0.10335472419752609
134530	0.10336628139687572
134540	0.10337874949797887
134550	0.10339086430067167
134600	0.1034024753907598
134610	0.1034141057942048
134620	0.10342655399993436
134630	0.10343744745262018
134640	0.10344816007221164
134650	0.10345779550467642
134700	0.10346651441791044
134710	0.10347558902572755
134720	0.10348487970009644
134730	0.10349598215110292
134740	0.103507486815546
134750	0.10351835040978666
134800	0.10352835022192228
134810	0.10353672650533458
134820	0.10354330193770704
134830	0.10354868562052666
134840	0.10355359754997216
134850	0.10356020386777355
134900	0.10356715362303408
134910	0.10357345792143939
134920	0.10357866554835665
134930	0.10358589753809815
134940	0.10359513845769629
134950	0.1036037828667169
135000	0.10361527745143015
135010	0.10362703151963261
135020	0.10363890865477476
135030	0.10364912730073372
135040	0.10366079505753863
135050	0.10367123757646651
135100	0.10368103893513124
135110	0.103690394853385
135120	0.10369817584423417
135130	0.10370560205853362
135140	0.1037123671981875
135150	0.10371915631800249
135200	0.10372660499389397
135210	0.10373410954805631
135220	0.10374132553675854
135230	0.10374826550864158
135240	0.10375649153131128
135250	0.1037634296196861
135300	0.10377211041603791
135310	0.10378132701417878
135320	0.10379019569186672
135330	0.10379957029094261
135340	0.10380739549728439
135350	0.10381771734320716
135400	0.10382758176652071
135410	0.10383868891765358
135420	0.10385087204545587
135430	0.10386450243666175
135440	0.10387794562034579
135450	0.10389426957361832
135500	0.10391011203640531
135510	0.1039276126405868
135520	0.10394347777099366
135530	0.10396044620995064
135540	0.10397745801700872
135550	0.10399324087710114
135600	0.10400823984076057
135610	0.10402422491150262
135620	0.1040422896285158
135630	0.10406011912896913
135640	0.10407952346853967
135650	0.10409954331633524
135700	0.10411923736183823
135710	0.10413809371693239
135720	0.10415651313821116
135730	0.10417430258406297
135740	0.10419141504171002
135750	0.10420661327158069
135800	0.10422137790452587
135810	0.10423654959650948
135820	0.10425176545914475
135830	0.10426527285055955
135840	0.10427856593944074
135850	0.10429078582177047
135900	0.10430451207605348
135910	0.10431626850400448
135920	0.10432815254683092
135930	0.10433939961878262
135940	0.10435008379879
135950	0.10436225367391012
140000	0.10437315998713205
140010	0.10438400917823837
140020	0.10439482637952065
140030	0.10440791753315175
140040	0.10442130685553122
140050	0.10443552735563903
140100	0.10445023758507292
140110	0.10446719094253779
140120	0.1044835115789106
140130	0.10450047983471418
140140	0.10452004319819803
140150	0.10453757683903482
140200	0.10455552791584484
140210	0.10457703994516439
140220	0.10459813092925237
140230	0.1046212584023866
140240	0.1046447666729019
140250	0.10466762675674743
140300	0.10469179826379253
140310	0.10471704922992876
140320	0.1047404893442256
140330	0.10476350015932526
140340	0.1047910013838275
140350	0.10482165522247339
140400	0.10485448371882304
140410	0.10488816840836242
140420	0.10492264306218431
140430	0.10495725687957638
140440	0.10499513870636963
140450	0.10503352675301789
140500	0.10507300976734454
140510	0.10511247137027187
140520	0.10515145218923164
140530	0.1051859919143247
140540	0.1052198863454286
140550	0.10525561633620627
140600	0.10529506412722826
140610	0.105335886474636
140620	0.10537611206676108
140630	0.10541439879284906
140640	0.10545257567595669
140650	0.10549280612838845
140700	0.10553242048019122
140710	0.10557241956536516
140720	0.10561386828838494
140730	0.10565734846060638
140740	0.10570184763098407
140750	0.10574640206137113
140800	0.10579095655788705
140810	0.10583827671591808
140820	0.10588477530808704
140830	0.10593054816232335
140840	0.10597775517520491
140850	0.10602891667398757
140900	0.10608184773754555
140910	0.1061359175043639
140920	0.10618668678359325
140930	0.10623952895296028
140940	0.10629081894192548
140950	0.10634190354063532
141000	0.10639193257326413
141010	0.10643968870313081
141020	0.10648717167636368
141030	0.10653461936900864
141040	0.10658094874000941
141050	0.10662725673051127
141100	0.10667603751743601
141110	0.10672810366117567
141120	0.10678042434402799
141130	0.10683511820132735
141140	0.10689030666433423
141150	0.10694297104061809
141200	0.10699436585489891
141210	0.1070429380228606
141220	0.10709109129849247
141230	0.10714162598177264
141240	0.10719340656542153
141250	0.10724352631525798
141300	0.10729316647105878
141310	0.10734293377312577
141320	0.1073916033058361
141330	0.10744206154067486
141340	0.10749036371079863
141350	0.10754239803648359
141400	0.10759567172603755
141410	0.10765276820202264
141420	0.10770877907033088
141430	0.10776480885933548
141440	0.10782117079394125
141450	0.10787454051261477
141500	0.10792730641661154
141510	0.10797798024229392
141520	0.10802654006706965
141530	0.10807289582069848
141540	0.10812575538886432
141550	0.10818406483309147
141600	0.10824115160223349
141610	0.10829638742508267
141620	0.10835046700486455
141630	0.10840606873110013
141640	0.10846385875794855
141650	0.10852210082331226
141700	0.10858143506644267
141710	0.10864056993336084
141720	0.10870040891441511
141730	0.10875957813336334
141740	0.10881959315239162
141750	0.10888350155141978
141800	0.10894464330659077
141810	0.10900490430814162
141820	0.10906522144365119
141830	0.10912753276765147
141840	0.10919195934940325
141850	0.10925465496164546
141900	0.10931866706617951
141910	0.10938362196976112
141920	0.10944963480086878
141930	0.10951441748418339
141940	0.10958107492843573
141950	0.1096509277491161
142000	0.10971715019937851
142010	0.10978191735910209
142020	0.10984564857140124
142030	0.10991107912960676
142040	0.10997680293740912
142050	0.11004190805965652
142100	0.11010703487816027
142110	0.11017193420545927
142120	0.11023883585375582
142130	0.11030730530939914
142140	0.11037521985899805
142150	0.11044353125620085
142200	0.11050919834799348
142210	0.11057433887769752
142220	0.11063848610080979
142230	0.1107004452828917
142240	0.11076537331582456
142250	0.11082999833760768
142300	0.1108921536837592
142310	0.11095271268665809
142320	0.11101678444542307
142330	0.11107911867745095
142340	0.11114322549281504
142350	0.11120652850737646
142400	0.11127111486531564
142410	0.11133456446899889
142420	0.11139878913589839
142430	0.1114628954321207
142440	0.11152370115206452
142450	0.11158395827948293
142500	0.11164367965462159
142510	0.11170087543844845
142520	0.11175604555216066
142530	0.1118096064845795
142540	0.11186291149679811
142550	0.11191905479389873
142600	0.11197678014524627
142610	0.11203463472438757
142620	0.112097478017442
142630	0.11216180612030674
142640	0.11222510968467418
142650	0.11229155526061121
142700	0.11235492165334347
142710	0.11241797603398872
142720	0.11248034300699375
142730	0.11254245096767994
142740	0.11260825869790661
142750	0.1126776175304285
142800	0.11274220523517035
142810	0.11280274035404432
142820	0.1128634545240999
142830	0.11292604599474168
142840	0.11299106306958817
142850	0.11306327528579639
142900	0.11313649146337694
142910	0.11321042832384579
142920	0.11328494363194122
142930	0.1133615259036165
142940	0.11343643103889463
142950	0.11351171076272777
143000	0.11358753923535253
143010	0.11366340297210428
143020	0.11374340384696413
143030	0.11382069225350067
143040	0.11389744282946944
143050	0.11397006395366632
143100	0.11403734456432114
143110	0.11410726144645912
143120	0.11417598866088582
143130	0.11424574501664875
143140	0.11431532759235793
143150	0.114385756153553
143200	0.11445449535510621
143210	0.11452428280490523
143220	0.11459439835698404
143230	0.11466331646052873
143240	0.1147335598688446
143250	0.11480221650238816
143300	0.11487000292285673
143310	0.11493704204034927
143320	0.11500295763200899
143330	0.11506650543918304
143340	0.11513008808092079
143350	0.11519832396899995
143400	0.11526423873357194
143410	0.11532712837157187
143420	0.11538999306146346
143430	0.11545167586830223
143440	0.11551317903809072
143450	0.1155745433742984
143500	0.11563284889204678
143510	0.1156897828525509
143520	0.11574371448990091
143530	0.11579709276050576
143540	0.11585116807980954
143550	0.11590212956100586
143600	0.11595287006293677
143610	0.11600512135206377
143620	0.11605853183914518
143630	0.11611218842594251
143640	0.11616602650041773
143650	0.11621858317877502
143700	0.11627175531576965
143710	0.11632406714876302
143720	0.11637736949349617
143730	0.1164278459965662
143740	0.11647918355703724
143750	0.11652983102385062
143800	0.1165809884975176
143810	0.11663358279301513
143820	0.11668599445046128
143830	0.11673885785280602
143840	0.1167905482450401
143850	0.11684208325826118
143900	0.1168940305144758
143910	0.11694399927558045
143920	0.11699193206851687
143930	0.11704006141616123
143940	0.11708669769172743
143950	0.11713327921239033
144000	0.11718196732310956
144010	0.11723117394118326
144020	0.11728327652894359
144030	0.11733652014488838
144040	0.11738747117085574
144050	0.11743788292272272
144100	0.1174884606335068
144110	0.11754032595325094
144120	0.11759152529432203
144130	0.11764455781279257
144140	0.11769626142224135
144150	0.11774967900129456
144200	0.1178013103061755
144210	0.11785008606048611
144220	0.11789847047692766
144230	0.11794611152665559
144240	0.11799572408891133
144250	0.11804333409355446
144300	0.11809040866148629
144310	0.1181377213554605
144320	0.11818645640099214
144330	0.11823333555617026
144340	0.11827901877285889
144350	0.11832621518858703
144400	0.11837533336688422
144410	0.11842478858735513
144420	0.11847745798779605
144430	0.11852843259398324
144440	0.11857905411911587
144450	0.11862640359338818
144500	0.11867467219048797
144510	0.11871940474669296
144520	0.1187682902278155
144530	0.11881936902265748
144540	0.11887038232146892
144550	0.11892134587277002
144600	0.11897238628540834
144610	0.11902484791604372
144620	0.11907507699465088
144630	0.11912435196172093
144640	0.11917484690662665
144650	0.11922559566579713
144700	0.11927589110726974
144710	0.11932153094207108
144720	0.1193667679998555
144730	0.11941162992883737
144740	0.119456540394456
144750	0.11950147071519261
144800	0.11954337749441676
144810	0.11958327838895148
144820	0.11962313353288163
144830	0.11966344859801423
144840	0.11970574775500732
144850	0.11974746753554222
144900	0.11979079348186165
144910	0.1198317827423626
144920	0.11987242243316461
144930	0.11991348451567829
144940	0.11995263091268363
144950	0.11999176031429239
145000	0.12002999068623199
145010	0.12006550139241258
145020	0.12010112869198658
145030	0.12013432451014054
145040	0.12016749915415423
145050	0.12020029636207967
145100	0.12023388148077468
145110	0.12026531679298325
145120	0.12029740884175848
145130	0.12033127492896785
145140	0.12036614061171505
145150	0.12040097100465957
145200	0.12043640676523476
145210	0.120473470989328
145220	0.1205104709178211
145230	0.12055123022447821
145240	0.12059198560670574
145250	0.12063395277284841
145300	0.1206771926137964
145310	0.12072193714452774
145320	0.12076508242525563
145330	0.12080760938556291
145340	0.12084840970230083
145350	0.12088891329982228
145400	0.12092777563925218
145410	0.12096554067130774
145420	0.12100270437604559
145430	0.1210425935938278
145440	0.12108203658076355
145450	0.12112265459244063
145500	0.1211628553063689
145510	0.12120118726341647
145520	0.12124000488916395
145530	0.12128020939762661
145540	0.12132014051721306
145550	0.12136189795745968
145600	0.12140385962492628
145610	0.12144551340395955
145620	0.12148908688035856
145630	0.1215336455413177
145640	0.12157644728258535
145650	0.1216202098439274
145700	0.12166322372014933
145710	0.12170699789588606
145720	0.12175076351157946
145730	0.12179688240309978
145740	0.12184220628308293
145750	0.12188595277644278
145800	0.12193062984529883
145810	0.12197350691492827
145820	0.12201528231897067
145830	0.12205504600708894
145840	0.1220931913329183
145850	0.122131940667093
145900	0.12217297454307569
145910	0.12221301271281197
145920	0.12225374118824606
145930	0.12229374826956176
145940	0.12233358473059715
145950	0.12237379968022474
150000	0.12241224362320077
150010	0.12245019421199937
150020	0.12248977682812708
150030	0.12253058503547365
150040	0.12257141956430895
150050	0.1226130090666946
150100	0.12265651181797542
150110	0.12270007098121465
150120	0.12274229158559648
150130	0.12279001127630403
150140	0.12283723756841403
150150	0.12288740221991139
150200	0.12293834914874037
150210	0.12298821690324084
150220	0.12303842428837411
150230	0.12308956651763847
150240	0.12313551379899698
150250	0.12318511457762611
150300	0.12323478863163684
150310	0.12328326834954546
150320	0.12333214182918925
150330	0.12338274215170161
150340	0.12343434014210246
150350	0.12348351668711018
150400	0.12353235264715262
150410	0.12358190590072544
150420	0.12363167435671263
150430	0.12368219663775833
150440	0.12373400135538168
150450	0.1237841144439479
150500	0.12383336356815319
150510	0.12387807923634915
150520	0.12392226107668575
150530	0.12396455075330258
150540	0.12400710500224303
150550	0.12404997381639422
150600	0.12409250625045389
150610	0.12413318827513457
150620	0.12417619287854109
150630	0.12422151900178703
150640	0.12426788800392016
150650	0.1243135191433921
150700	0.12435829802649141
150710	0.12440446349385227
150720	0.1244498912614835
150730	0.1244972190753794
150740	0.1245441908353214
150750	0.12459098583824049
150800	0.1246361444105512
150810	0.12468031018780316
150820	0.12472502400902197
150830	0.12476912663621376
150840	0.12481211879385724
150850	0.12485700150721886
150900	0.1249018595671623
150910	0.12494837399221717
150920	0.12499631633866427
150930	0.12504626592489526
150940	0.12509590383039426
150950	0.12514578813689378
151000	0.12519794357906888
151010	0.12525195099343908
151020	0.1253089782035238
151030	0.1253696513965068
151040	0.12543196714945437
151050	0.12549533226495066
151100	0.12555665930807153
151110	0.12562098269226604
151120	0.12568572063827954
151130	0.12574945960138803
151140	0.12581361472615663
151150	0.12587540858570012
151200	0.12593458457098908
151210	0.12599319774361015
151220	0.12605021859845153
151230	0.1261087540707299
151240	0.12616683956858551
151250	0.12622458791262706
151300	0.1262878227042218
151310	0.12634977727958124
151320	0.1264111644375134
151330	0.1264684769647094
151340	0.12652924510910815
151350	0.12659047316021613
151400	0.12665167640986777
151410	0.1267120481990602
151420	0.1267700079335908
151430	0.12682606680123207
151440	0.12688146428971409
151450	0.12693198307767856
151500	0.12698453966790532
151510	0.12703891365354564
151520	0.1270941460278344
151530	0.12714746946916958
151540	0.12719952864528436
151550	0.12725137697496344
151600	0.12730157539489684
151610	0.1273512121332443
151620	0.12740318444538054
151630	0.1274544898776962
151640	0.12751204305356714
151650	0.12756505118130618
151700	0.12761533883667514
151710	0.12766876754904835
151720	0.12772186707592795
151730	0.1277762674674441
151740	0.12783258021686436
151750	0.127889439034296
151800	0.12794450820264683
151810	0.12800162154737801
151820	0.12805596070089498
151830	0.12811171813654484
151840	0.12816960748747971
151850	0.1282258615052362
151900	0.12828085122007496
151910	0.1283387090391706
151920	0.12839632212356025
151930	0.12845413476900217
151940	0.1285143403806383
151950	0.12857857413105026
152000	0.1286433805592119
152010	0.1287119313184963
152020	0.12877945386021178
152030	0.12884734158750422
152040	0.12891449786807163
152050	0.12898185853550811
152100	0.12904824678754467
152110	0.12911807131521177
152120	0.12918930596812106
152130	0.1292626337354904
152140	0.1293388786396541
152150	0.129421656238165
152200	0.12950160651689488
152210	0.1295888153404238
152220	0.12967181943885464
152230	0.12975595890436073
152240	0.12983536997080183
152250	0.12991702586296316
152300	0.1300029303325496
152310	0.13009504865070942
152320	0.13018666789148947
152330	0.13027532757890692
152340	0.13035945132986193
152350	0.13044483969338042
152400	0.13052649054576912
152410	0.1306109796276229
152420	0.1306946389764352
152430	0.13077944737888406
152440	0.13086872667209426
152450	0.13095871863521316
152500	0.13104925876998874
152510	0.13113755820157982
152520	0.13122865048504395
152530	0.13131815147715015
152540	0.1314060692268767
152550	0.13149034278384664
152600	0.1315783378730231
152610	0.13166583798510628
152620	0.13175188529606763
152630	0.1318454465268209
152640	0.13193989545330273
152650	0.13203439350144847
152700	0.1321292148570045
152710	0.1322254482443299
152720	0.13232261595208225
152730	0.13241603541617172
152740	0.13250940496977345
152750	0.13260119873341883
152800	0.13269131852893817
152810	0.13278694551226589
152820	0.13288306056460092
152830	0.13298050952218393
152840	0.13307838790116558
152850	0.1331782456309211
152900	0.1332794407684886
152910	0.13338218883393518
152920	0.13348441946185774
152930	0.13358997766436131
152940	0.13369447752626742
152950	0.13379712067610247
153000	0.13389893827400098
153010	0.13400444527466335
153020	0.13410511347835433
153030	0.13420853837500119
153040	0.13431119638540964
153050	0.13440587202137863
153100	0.13450088183990244
153110	0.13459678821700888
153120	0.13469519402874472
153130	0.1347935396703297
153140	0.1348980049602293
153150	0.1349980704770178
153200	0.1351026598359369
153210	0.13519844057441577
153220	0.13529081103435572
153230	0.13537807948674255
153240	0.13546958755757316
153250	0.1355628425253393
153300	0.13565481449956152
153310	0.13575122140926643
153320	0.1358470067396389
153330	0.13594321689863048
153340	0.13604047657380916
153350	0.13613879290594608
153400	0.13624011467449856
153410	0.13633540810192435
153420	0.13643070321545392
153430	0.1365308069472919
153440	0.1366250852357159
153450	0.13672201083522612
153500	0.13681692447524404
153510	0.1369114766595313
153520	0.13700566974928619
153530	0.13709950607850102
153540	0.1371929879544299
153550	0.13728611765804596
153600	0.13737889744448842
153610	0.13747132954349925
153620	0.13756341615985018
153630	0.13765515947376034
153640	0.13774656164130433
153650	0.13783762479481146
153700	0.1379283510432562
153710	0.1380187424726401
153720	0.13810880114636542
153730	0.1381985291056007
153740	0.13828792836963846
153750	0.13837700093624514
153800	0.13846574878200393
153810	0.13855417386265
153820	0.13864227811339885
153830	0.13873006344926786
153840	0.13881753176539072
153850	0.13890468493732613
153900	0.13899152482135935
153910	0.13907805325479802
153920	0.13916427205626183
153930	0.13925018302596626
153940	0.13933578794600068
153950	0.13942108858060082
154000	0.1395060866764158
154010	0.13959078396276983
154020	0.1396751821519188
154030	0.13975928293930148
154040	0.13984308800378664
154050	0.13992659900791427
154100	0.14000981759813275
154110	0.14009274540503158
154120	0.14017538404356908
154130	0.1402577351132961
154140	0.1403398001985755
154150	0.14042158086879733
154200	0.1405030786785899
154210	0.1405842951680271
154220	0.14066523186283175
154230	0.14074589027457485
154240	0.1408262719008719
154250	0.1409063782255747
154300	0.14098621071896034
154310	0.14106577083791644
154320	0.1411450600261227
154330	0.14122407971423015
154340	0.14130283132003588
154350	0.14138131624865574
154400	0.14145953589269322
154410	0.1415374916324058
154420	0.14161518483586813
154430	0.14169261685913215
154440	0.141769789046385
154450	0.1418467027301035
154500	0.14190786225126828